time,open,high,low,close,volume,is_complete,candle_source
2025-02-04 00:00:00+00:00,"{'units': 510, 'nano': 0}","{'units': 514, 'nano': 600000000}","{'units': 509, 'nano': 0}","{'units': 509, 'nano': 600000000}",142047,True,1
2025-02-05 00:00:00+00:00,"{'units': 509, 'nano': 600000000}","{'units': 517, 'nano': 0}","{'units': 498, 'nano': 0}","{'units': 511, 'nano': 600000000}",471668,True,1
2025-02-06 00:00:00+00:00,"{'units': 512, 'nano': 600000000}","{'units': 515, 'nano': 600000000}","{'units': 508, 'nano': 0}","{'units': 511, 'nano': 0}",217358,True,1
2025-02-07 00:00:00+00:00,"{'units': 511, 'nano': 0}","{'units': 515, 'nano': 0}","{'units': 509, 'nano': 0}","{'units': 513, 'nano': 0}",233457,True,1
2025-02-10 00:00:00+00:00,"{'units': 517, 'nano': 0}","{'units': 522, 'nano': 600000000}","{'units': 503, 'nano': 0}","{'units': 505, 'nano': 600000000}",548875,True,1
2025-02-11 00:00:00+00:00,"{'units': 506, 'nano': 0}","{'units': 516, 'nano': 600000000}","{'units': 506, 'nano': 0}","{'units': 512, 'nano': 0}",431416,True,1
2025-02-12 00:00:00+00:00,"{'units': 514, 'nano': 600000000}","{'units': 537, 'nano': 0}","{'units': 508, 'nano': 0}","{'units': 531, 'nano': 600000000}",992677,True,1
2025-02-13 00:00:00+00:00,"{'units': 532, 'nano': 0}","{'units': 535, 'nano': 0}","{'units': 512, 'nano': 0}","{'units': 516, 'nano': 0}",474832,True,1
2025-02-14 00:00:00+00:00,"{'units': 524, 'nano': 0}","{'units': 528, 'nano': 600000000}","{'units': 515, 'nano': 600000000}","{'units': 522, 'nano': 0}",654004,True,1
2025-02-17 00:00:00+00:00,"{'units': 527, 'nano': 0}","{'units': 549, 'nano': 0}","{'units': 524, 'nano': 600000000}","{'units': 547, 'nano': 0}",1107709,True,1
2025-02-18 00:00:00+00:00,"{'units': 542, 'nano': 600000000}","{'units': 542, 'nano': 600000000}","{'units': 527, 'nano': 0}","{'units': 533, 'nano': 600000000}",876497,True,1
2025-02-19 00:00:00+00:00,"{'units': 535, 'nano': 600000000}","{'units': 537, 'nano': 600000000}","{'units': 530, 'nano': 0}","{'units': 535, 'nano': 0}",282817,True,1
2025-02-20 00:00:00+00:00,"{'units': 535, 'nano': 0}","{'units': 543, 'nano': 0}","{'units': 534, 'nano': 600000000}","{'units': 536, 'nano': 600000000}",395658,True,1
2025-02-21 00:00:00+00:00,"{'units': 538, 'nano': 0}","{'units': 557, 'nano': 600000000}","{'units': 538, 'nano': 0}","{'units': 546, 'nano': 0}",877255,True,1
2025-02-24 00:00:00+00:00,"{'units': 550, 'nano': 0}","{'units': 555, 'nano': 0}","{'units': 544, 'nano': 0}","{'units': 550, 'nano': 0}",505091,True,1
2025-02-25 00:00:00+00:00,"{'units': 553, 'nano': 600000000}","{'units': 566, 'nano': 600000000}","{'units': 545, 'nano': 600000000}","{'units': 562, 'nano': 600000000}",677014,True,1
2025-02-26 00:00:00+00:00,"{'units': 564, 'nano': 0}","{'units': 579, 'nano': 0}","{'units': 540, 'nano': 0}","{'units': 543, 'nano': 600000000}",1225586,True,1
2025-02-27 00:00:00+00:00,"{'units': 540, 'nano': 0}","{'units': 545, 'nano': 0}","{'units': 530, 'nano': 600000000}","{'units': 534, 'nano': 0}",489569,True,1
2025-02-28 00:00:00+00:00,"{'units': 536, 'nano': 0}","{'units': 545, 'nano': 0}","{'units': 525, 'nano': 600000000}","{'units': 538, 'nano': 0}",468378,True,1
2025-03-03 00:00:00+00:00,"{'units': 538, 'nano': 0}","{'units': 538, 'nano': 0}","{'units': 519, 'nano': 0}","{'units': 527, 'nano': 600000000}",490050,True,1
2025-03-04 00:00:00+00:00,"{'units': 531, 'nano': 0}","{'units': 538, 'nano': 0}","{'units': 526, 'nano': 0}","{'units': 531, 'nano': 600000000}",349605,True,1
2025-03-05 00:00:00+00:00,"{'units': 529, 'nano': 600000000}","{'units': 537, 'nano': 600000000}","{'units': 527, 'nano': 600000000}","{'units': 530, 'nano': 0}",219079,True,1
2025-03-06 00:00:00+00:00,"{'units': 531, 'nano': 0}","{'units': 533, 'nano': 600000000}","{'units': 510, 'nano': 0}","{'units': 514, 'nano': 600000000}",775319,True,1
2025-03-07 00:00:00+00:00,"{'units': 516, 'nano': 600000000}","{'units': 545, 'nano': 600000000}","{'units': 514, 'nano': 600000000}","{'units': 535, 'nano': 0}",2075691,True,1
2025-03-10 00:00:00+00:00,"{'units': 539, 'nano': 0}","{'units': 558, 'nano': 0}","{'units': 529, 'nano': 0}","{'units': 537, 'nano': 0}",1367806,True,1
2025-03-11 00:00:00+00:00,"{'units': 537, 'nano': 0}","{'units': 550, 'nano': 600000000}","{'units': 530, 'nano': 0}","{'units': 542, 'nano': 0}",821277,True,1
2025-03-12 00:00:00+00:00,"{'units': 542, 'nano': 0}","{'units': 556, 'nano': 600000000}","{'units': 539, 'nano': 0}","{'units': 552, 'nano': 600000000}",889347,True,1
2025-03-13 00:00:00+00:00,"{'units': 549, 'nano': 0}","{'units': 559, 'nano': 0}","{'units': 542, 'nano': 0}","{'units': 547, 'nano': 0}",1011816,True,1
2025-03-14 00:00:00+00:00,"{'units': 548, 'nano': 0}","{'units': 558, 'nano': 600000000}","{'units': 547, 'nano': 0}","{'units': 549, 'nano': 600000000}",787017,True,1
2025-03-17 00:00:00+00:00,"{'units': 552, 'nano': 0}","{'units': 564, 'nano': 0}","{'units': 549, 'nano': 600000000}","{'units': 554, 'nano': 0}",1020790,True,1
2025-03-18 00:00:00+00:00,"{'units': 556, 'nano': 0}","{'units': 558, 'nano': 600000000}","{'units': 546, 'nano': 0}","{'units': 547, 'nano': 600000000}",563732,True,1
2025-03-19 00:00:00+00:00,"{'units': 550, 'nano': 0}","{'units': 560, 'nano': 600000000}","{'units': 545, 'nano': 0}","{'units': 558, 'nano': 600000000}",552058,True,1
2025-03-20 00:00:00+00:00,"{'units': 559, 'nano': 600000000}","{'units': 577, 'nano': 0}","{'units': 556, 'nano': 0}","{'units': 568, 'nano': 0}",796951,True,1
2025-03-21 00:00:00+00:00,"{'units': 569, 'nano': 600000000}","{'units': 592, 'nano': 0}","{'units': 568, 'nano': 0}","{'units': 588, 'nano': 0}",1407185,True,1
2025-03-24 00:00:00+00:00,"{'units': 588, 'nano': 0}","{'units': 602, 'nano': 0}","{'units': 565, 'nano': 0}","{'units': 568, 'nano': 0}",2213416,True,1
2025-03-25 00:00:00+00:00,"{'units': 569, 'nano': 0}","{'units': 579, 'nano': 0}","{'units': 556, 'nano': 0}","{'units': 573, 'nano': 600000000}",642049,True,1
2025-03-26 00:00:00+00:00,"{'units': 573, 'nano': 600000000}","{'units': 583, 'nano': 600000000}","{'units': 558, 'nano': 600000000}","{'units': 570, 'nano': 0}",1198153,True,1
2025-03-27 00:00:00+00:00,"{'units': 570, 'nano': 0}","{'units': 574, 'nano': 0}","{'units': 550, 'nano': 0}","{'units': 554, 'nano': 0}",892290,True,1
2025-03-28 00:00:00+00:00,"{'units': 554, 'nano': 0}","{'units': 562, 'nano': 600000000}","{'units': 547, 'nano': 0}","{'units': 553, 'nano': 600000000}",584612,True,1
2025-03-29 00:00:00+00:00,"{'units': 555, 'nano': 0}","{'units': 558, 'nano': 600000000}","{'units': 545, 'nano': 0}","{'units': 546, 'nano': 0}",70801,True,1
2025-03-30 00:00:00+00:00,"{'units': 546, 'nano': 0}","{'units': 547, 'nano': 0}","{'units': 545, 'nano': 0}","{'units': 545, 'nano': 0}",19253,True,1
2025-03-31 00:00:00+00:00,"{'units': 544, 'nano': 0}","{'units': 560, 'nano': 0}","{'units': 524, 'nano': 0}","{'units': 537, 'nano': 0}",944952,True,1
2025-04-01 00:00:00+00:00,"{'units': 537, 'nano': 600000000}","{'units': 590, 'nano': 0}","{'units': 536, 'nano': 600000000}","{'units': 573, 'nano': 0}",6772392,True,1
2025-04-02 00:00:00+00:00,"{'units': 572, 'nano': 0}","{'units': 583, 'nano': 600000000}","{'units': 555, 'nano': 0}","{'units': 565, 'nano': 600000000}",2016205,True,1
2025-04-03 00:00:00+00:00,"{'units': 569, 'nano': 0}","{'units': 573, 'nano': 0}","{'units': 528, 'nano': 600000000}","{'units': 536, 'nano': 0}",2942852,True,1
2025-04-04 00:00:00+00:00,"{'units': 540, 'nano': 0}","{'units': 540, 'nano': 0}","{'units': 505, 'nano': 0}","{'units': 508, 'nano': 600000000}",1245059,True,1
2025-04-05 00:00:00+00:00,"{'units': 508, 'nano': 0}","{'units': 508, 'nano': 600000000}","{'units': 500, 'nano': 600000000}","{'units': 506, 'nano': 600000000}",166492,True,1
2025-04-06 00:00:00+00:00,"{'units': 508, 'nano': 0}","{'units': 513, 'nano': 0}","{'units': 504, 'nano': 0}","{'units': 512, 'nano': 600000000}",93803,True,1
2025-04-07 00:00:00+00:00,"{'units': 500, 'nano': 0}","{'units': 505, 'nano': 0}","{'units': 464, 'nano': 600000000}","{'units': 480, 'nano': 600000000}",1946910,True,1
2025-04-08 00:00:00+00:00,"{'units': 489, 'nano': 0}","{'units': 492, 'nano': 0}","{'units': 473, 'nano': 600000000}","{'units': 475, 'nano': 0}",670323,True,1
2025-04-09 00:00:00+00:00,"{'units': 478, 'nano': 0}","{'units': 486, 'nano': 600000000}","{'units': 455, 'nano': 0}","{'units': 485, 'nano': 0}",1357902,True,1
2025-04-10 00:00:00+00:00,"{'units': 485, 'nano': 0}","{'units': 494, 'nano': 600000000}","{'units': 475, 'nano': 0}","{'units': 477, 'nano': 0}",900984,True,1
2025-04-11 00:00:00+00:00,"{'units': 478, 'nano': 0}","{'units': 489, 'nano': 0}","{'units': 476, 'nano': 600000000}","{'units': 483, 'nano': 0}",466084,True,1
2025-04-12 00:00:00+00:00,"{'units': 486, 'nano': 0}","{'units': 489, 'nano': 0}","{'units': 486, 'nano': 0}","{'units': 489, 'nano': 0}",66411,True,1
2025-04-13 00:00:00+00:00,"{'units': 491, 'nano': 0}","{'units': 492, 'nano': 0}","{'units': 482, 'nano': 600000000}","{'units': 489, 'nano': 0}",101396,True,1
2025-04-14 00:00:00+00:00,"{'units': 489, 'nano': 0}","{'units': 506, 'nano': 600000000}","{'units': 486, 'nano': 600000000}","{'units': 494, 'nano': 0}",637116,True,1
2025-04-15 00:00:00+00:00,"{'units': 496, 'nano': 600000000}","{'units': 499, 'nano': 600000000}","{'units': 488, 'nano': 600000000}","{'units': 495, 'nano': 600000000}",240714,True,1
2025-04-16 00:00:00+00:00,"{'units': 495, 'nano': 600000000}","{'units': 501, 'nano': 600000000}","{'units': 491, 'nano': 600000000}","{'units': 495, 'nano': 0}",259950,True,1
2025-04-17 00:00:00+00:00,"{'units': 495, 'nano': 600000000}","{'units': 506, 'nano': 0}","{'units': 495, 'nano': 600000000}","{'units': 504, 'nano': 600000000}",336320,True,1
2025-04-18 00:00:00+00:00,"{'units': 500, 'nano': 0}","{'units': 504, 'nano': 600000000}","{'units': 495, 'nano': 600000000}","{'units': 500, 'nano': 0}",301935,True,1
2025-04-21 00:00:00+00:00,"{'units': 500, 'nano': 600000000}","{'units': 511, 'nano': 0}","{'units': 500, 'nano': 600000000}","{'units': 510, 'nano': 600000000}",291505,True,1
2025-04-22 00:00:00+00:00,"{'units': 511, 'nano': 0}","{'units': 517, 'nano': 600000000}","{'units': 503, 'nano': 0}","{'units': 510, 'nano': 0}",554738,True,1
2025-04-23 00:00:00+00:00,"{'units': 510, 'nano': 0}","{'units': 510, 'nano': 600000000}","{'units': 498, 'nano': 0}","{'units': 506, 'nano': 600000000}",416500,True,1
2025-04-24 00:00:00+00:00,"{'units': 507, 'nano': 0}","{'units': 510, 'nano': 0}","{'units': 502, 'nano': 0}","{'units': 504, 'nano': 0}",164820,True,1
2025-04-25 00:00:00+00:00,"{'units': 506, 'nano': 0}","{'units': 506, 'nano': 600000000}","{'units': 500, 'nano': 600000000}","{'units': 504, 'nano': 0}",227392,True,1
2025-04-26 00:00:00+00:00,"{'units': 505, 'nano': 0}","{'units': 507, 'nano': 0}","{'units': 502, 'nano': 600000000}","{'units': 503, 'nano': 0}",56008,True,1
2025-04-27 00:00:00+00:00,"{'units': 503, 'nano': 0}","{'units': 505, 'nano': 600000000}","{'units': 502, 'nano': 600000000}","{'units': 504, 'nano': 0}",17279,True,1
2025-04-28 00:00:00+00:00,"{'units': 504, 'nano': 0}","{'units': 509, 'nano': 0}","{'units': 492, 'nano': 600000000}","{'units': 499, 'nano': 0}",375617,True,1
2025-04-29 00:00:00+00:00,"{'units': 498, 'nano': 0}","{'units': 500, 'nano': 0}","{'units': 479, 'nano': 0}","{'units': 484, 'nano': 600000000}",419961,True,1
2025-04-30 00:00:00+00:00,"{'units': 484, 'nano': 0}","{'units': 485, 'nano': 600000000}","{'units': 472, 'nano': 600000000}","{'units': 480, 'nano': 600000000}",310061,True,1
2025-05-02 00:00:00+00:00,"{'units': 480, 'nano': 600000000}","{'units': 483, 'nano': 600000000}","{'units': 468, 'nano': 600000000}","{'units': 468, 'nano': 600000000}",270136,True,1
2025-05-03 00:00:00+00:00,"{'units': 471, 'nano': 0}","{'units': 477, 'nano': 600000000}","{'units': 468, 'nano': 600000000}","{'units': 474, 'nano': 0}",52636,True,1
2025-05-04 00:00:00+00:00,"{'units': 476, 'nano': 0}","{'units': 479, 'nano': 0}","{'units': 475, 'nano': 0}","{'units': 477, 'nano': 0}",29246,True,1
2025-05-05 00:00:00+00:00,"{'units': 477, 'nano': 600000000}","{'units': 480, 'nano': 600000000}","{'units': 465, 'nano': 600000000}","{'units': 469, 'nano': 600000000}",196909,True,1
2025-05-06 00:00:00+00:00,"{'units': 470, 'nano': 600000000}","{'units': 476, 'nano': 0}","{'units': 469, 'nano': 600000000}","{'units': 473, 'nano': 0}",120382,True,1
2025-05-07 00:00:00+00:00,"{'units': 473, 'nano': 0}","{'units': 476, 'nano': 600000000}","{'units': 470, 'nano': 600000000}","{'units': 473, 'nano': 0}",178964,True,1
2025-05-08 00:00:00+00:00,"{'units': 473, 'nano': 0}","{'units': 480, 'nano': 0}","{'units': 471, 'nano': 600000000}","{'units': 471, 'nano': 600000000}",183496,True,1
2025-05-10 00:00:00+00:00,"{'units': 472, 'nano': 0}","{'units': 474, 'nano': 600000000}","{'units': 471, 'nano': 0}","{'units': 472, 'nano': 0}",15903,True,1
2025-05-11 00:00:00+00:00,"{'units': 473, 'nano': 0}","{'units': 476, 'nano': 600000000}","{'units': 473, 'nano': 0}","{'units': 474, 'nano': 600000000}",52231,True,1
2025-05-12 00:00:00+00:00,"{'units': 475, 'nano': 600000000}","{'units': 490, 'nano': 600000000}","{'units': 475, 'nano': 600000000}","{'units': 484, 'nano': 0}",488465,True,1
2025-05-13 00:00:00+00:00,"{'units': 484, 'nano': 0}","{'units': 486, 'nano': 0}","{'units': 477, 'nano': 600000000}","{'units': 479, 'nano': 600000000}",235885,True,1
2025-05-14 00:00:00+00:00,"{'units': 482, 'nano': 0}","{'units': 485, 'nano': 0}","{'units': 472, 'nano': 600000000}","{'units': 473, 'nano': 600000000}",219396,True,1
2025-05-15 00:00:00+00:00,"{'units': 474, 'nano': 0}","{'units': 476, 'nano': 600000000}","{'units': 469, 'nano': 0}","{'units': 473, 'nano': 600000000}",227980,True,1
2025-05-16 00:00:00+00:00,"{'units': 477, 'nano': 0}","{'units': 479, 'nano': 600000000}","{'units': 468, 'nano': 0}","{'units': 474, 'nano': 0}",276953,True,1
2025-05-17 00:00:00+00:00,"{'units': 473, 'nano': 0}","{'units': 479, 'nano': 600000000}","{'units': 473, 'nano': 0}","{'units': 477, 'nano': 600000000}",33462,True,1
2025-05-18 00:00:00+00:00,"{'units': 480, 'nano': 0}","{'units': 482, 'nano': 600000000}","{'units': 479, 'nano': 0}","{'units': 481, 'nano': 0}",38618,True,1
2025-05-19 00:00:00+00:00,"{'units': 482, 'nano': 0}","{'units': 492, 'nano': 0}","{'units': 477, 'nano': 600000000}","{'units': 479, 'nano': 600000000}",708296,True,1
2025-05-20 00:00:00+00:00,"{'units': 481, 'nano': 600000000}","{'units': 489, 'nano': 600000000}","{'units': 477, 'nano': 0}","{'units': 488, 'nano': 0}",563940,True,1
2025-05-21 00:00:00+00:00,"{'units': 490, 'nano': 0}","{'units': 494, 'nano': 0}","{'units': 471, 'nano': 0}","{'units': 475, 'nano': 600000000}",760572,True,1
2025-05-22 00:00:00+00:00,"{'units': 477, 'nano': 600000000}","{'units': 480, 'nano': 0}","{'units': 456, 'nano': 0}","{'units': 458, 'nano': 600000000}",1321371,True,1
2025-05-23 00:00:00+00:00,"{'units': 458, 'nano': 600000000}","{'units': 463, 'nano': 0}","{'units': 451, 'nano': 600000000}","{'units': 453, 'nano': 600000000}",688640,True,1
2025-05-26 00:00:00+00:00,"{'units': 454, 'nano': 600000000}","{'units': 454, 'nano': 600000000}","{'units': 444, 'nano': 0}","{'units': 446, 'nano': 0}",471948,True,1
2025-05-27 00:00:00+00:00,"{'units': 446, 'nano': 0}","{'units': 451, 'nano': 600000000}","{'units': 438, 'nano': 600000000}","{'units': 450, 'nano': 0}",280391,True,1
2025-05-28 00:00:00+00:00,"{'units': 450, 'nano': 0}","{'units': 464, 'nano': 0}","{'units': 450, 'nano': 0}","{'units': 462, 'nano': 600000000}",422796,True,1
2025-05-29 00:00:00+00:00,"{'units': 464, 'nano': 0}","{'units': 467, 'nano': 0}","{'units': 454, 'nano': 0}","{'units': 458, 'nano': 0}",426043,True,1
2025-05-30 00:00:00+00:00,"{'units': 458, 'nano': 0}","{'units': 462, 'nano': 0}","{'units': 455, 'nano': 0}","{'units': 460, 'nano': 0}",225568,True,1
2025-05-31 00:00:00+00:00,"{'units': 462, 'nano': 0}","{'units': 462, 'nano': 600000000}","{'units': 460, 'nano': 0}","{'units': 461, 'nano': 0}",35578,True,1
2025-06-01 00:00:00+00:00,"{'units': 460, 'nano': 600000000}","{'units': 461, 'nano': 600000000}","{'units': 449, 'nano': 600000000}","{'units': 454, 'nano': 0}",86375,True,1
2025-06-02 00:00:00+00:00,"{'units': 454, 'nano': 0}","{'units': 463, 'nano': 0}","{'units': 451, 'nano': 0}","{'units': 462, 'nano': 0}",264582,True,1
2025-06-03 00:00:00+00:00,"{'units': 462, 'nano': 600000000}","{'units': 468, 'nano': 600000000}","{'units': 461, 'nano': 0}","{'units': 466, 'nano': 600000000}",332563,True,1
2025-06-04 00:00:00+00:00,"{'units': 466, 'nano': 600000000}","{'units': 475, 'nano': 600000000}","{'units': 465, 'nano': 0}","{'units': 472, 'nano': 600000000}",454800,True,1
2025-06-05 00:00:00+00:00,"{'units': 474, 'nano': 0}","{'units': 488, 'nano': 600000000}","{'units': 473, 'nano': 600000000}","{'units': 482, 'nano': 0}",875274,True,1
2025-06-06 00:00:00+00:00,"{'units': 482, 'nano': 0}","{'units': 485, 'nano': 0}","{'units': 460, 'nano': 0}","{'units': 469, 'nano': 0}",1124005,True,1
2025-06-09 00:00:00+00:00,"{'units': 449, 'nano': 0}","{'units': 456, 'nano': 600000000}","{'units': 440, 'nano': 0}","{'units': 445, 'nano': 600000000}",556197,True,1
2025-06-10 00:00:00+00:00,"{'units': 445, 'nano': 600000000}","{'units': 449, 'nano': 600000000}","{'units': 442, 'nano': 0}","{'units': 446, 'nano': 0}",205364,True,1
2025-06-11 00:00:00+00:00,"{'units': 446, 'nano': 600000000}","{'units': 449, 'nano': 0}","{'units': 443, 'nano': 600000000}","{'units': 445, 'nano': 0}",200621,True,1
2025-06-13 00:00:00+00:00,"{'units': 445, 'nano': 0}","{'units': 447, 'nano': 600000000}","{'units': 441, 'nano': 600000000}","{'units': 442, 'nano': 600000000}",71706,True,1
2025-06-14 00:00:00+00:00,"{'units': 443, 'nano': 0}","{'units': 446, 'nano': 0}","{'units': 443, 'nano': 0}","{'units': 445, 'nano': 0}",19619,True,1
2025-06-15 00:00:00+00:00,"{'units': 445, 'nano': 0}","{'units': 446, 'nano': 600000000}","{'units': 442, 'nano': 600000000}","{'units': 444, 'nano': 0}",15838,True,1
2025-06-16 00:00:00+00:00,"{'units': 444, 'nano': 0}","{'units': 447, 'nano': 0}","{'units': 431, 'nano': 0}","{'units': 432, 'nano': 0}",633839,True,1
2025-06-17 00:00:00+00:00,"{'units': 432, 'nano': 0}","{'units': 441, 'nano': 0}","{'units': 431, 'nano': 600000000}","{'units': 437, 'nano': 0}",307037,True,1
2025-06-18 00:00:00+00:00,"{'units': 437, 'nano': 0}","{'units': 441, 'nano': 0}","{'units': 436, 'nano': 0}","{'units': 437, 'nano': 0}",170963,True,1
2025-06-19 00:00:00+00:00,"{'units': 437, 'nano': 0}","{'units': 444, 'nano': 0}","{'units': 436, 'nano': 600000000}","{'units': 439, 'nano': 0}",289986,True,1
2025-06-20 00:00:00+00:00,"{'units': 439, 'nano': 0}","{'units': 442, 'nano': 0}","{'units': 436, 'nano': 600000000}","{'units': 438, 'nano': 0}",246184,True,1
2025-06-23 00:00:00+00:00,"{'units': 439, 'nano': 0}","{'units': 441, 'nano': 0}","{'units': 425, 'nano': 600000000}","{'units': 428, 'nano': 0}",381102,True,1
2025-06-24 00:00:00+00:00,"{'units': 428, 'nano': 0}","{'units': 438, 'nano': 0}","{'units': 425, 'nano': 600000000}","{'units': 429, 'nano': 600000000}",307136,True,1
2025-06-25 00:00:00+00:00,"{'units': 430, 'nano': 0}","{'units': 433, 'nano': 600000000}","{'units': 425, 'nano': 0}","{'units': 429, 'nano': 0}",474061,True,1
2025-06-26 00:00:00+00:00,"{'units': 429, 'nano': 0}","{'units': 430, 'nano': 0}","{'units': 425, 'nano': 600000000}","{'units': 427, 'nano': 0}",317990,True,1
2025-06-27 00:00:00+00:00,"{'units': 428, 'nano': 0}","{'units': 429, 'nano': 0}","{'units': 422, 'nano': 0}","{'units': 424, 'nano': 600000000}",373362,True,1
2025-06-28 00:00:00+00:00,"{'units': 425, 'nano': 0}","{'units': 426, 'nano': 600000000}","{'units': 424, 'nano': 600000000}","{'units': 426, 'nano': 0}",28855,True,1
2025-06-29 00:00:00+00:00,"{'units': 426, 'nano': 0}","{'units': 426, 'nano': 600000000}","{'units': 425, 'nano': 0}","{'units': 426, 'nano': 0}",27377,True,1
2025-06-30 00:00:00+00:00,"{'units': 426, 'nano': 0}","{'units': 431, 'nano': 600000000}","{'units': 424, 'nano': 600000000}","{'units': 429, 'nano': 600000000}",457668,True,1
2025-07-01 00:00:00+00:00,"{'units': 430, 'nano': 0}","{'units': 433, 'nano': 0}","{'units': 428, 'nano': 0}","{'units': 428, 'nano': 600000000}",458188,True,1
2025-07-02 00:00:00+00:00,"{'units': 428, 'nano': 600000000}","{'units': 432, 'nano': 0}","{'units': 422, 'nano': 600000000}","{'units': 423, 'nano': 0}",384950,True,1
2025-07-03 00:00:00+00:00,"{'units': 423, 'nano': 0}","{'units': 427, 'nano': 600000000}","{'units': 422, 'nano': 0}","{'units': 423, 'nano': 0}",305841,True,1
2025-07-04 00:00:00+00:00,"{'units': 422, 'nano': 600000000}","{'units': 434, 'nano': 0}","{'units': 420, 'nano': 0}","{'units': 422, 'nano': 0}",659349,True,1
2025-07-05 00:00:00+00:00,"{'units': 422, 'nano': 600000000}","{'units': 423, 'nano': 600000000}","{'units': 421, 'nano': 600000000}","{'units': 422, 'nano': 600000000}",11322,True,1
2025-07-06 00:00:00+00:00,"{'units': 422, 'nano': 600000000}","{'units': 423, 'nano': 0}","{'units': 421, 'nano': 600000000}","{'units': 423, 'nano': 0}",12407,True,1
2025-07-07 00:00:00+00:00,"{'units': 422, 'nano': 600000000}","{'units': 426, 'nano': 600000000}","{'units': 420, 'nano': 600000000}","{'units': 421, 'nano': 0}",278239,True,1
2025-07-08 00:00:00+00:00,"{'units': 421, 'nano': 600000000}","{'units': 435, 'nano': 0}","{'units': 417, 'nano': 0}","{'units': 429, 'nano': 600000000}",834596,True,1
2025-07-09 00:00:00+00:00,"{'units': 429, 'nano': 0}","{'units': 448, 'nano': 0}","{'units': 428, 'nano': 600000000}","{'units': 445, 'nano': 0}",1260203,True,1
2025-07-10 00:00:00+00:00,"{'units': 443, 'nano': 0}","{'units': 452, 'nano': 0}","{'units': 434, 'nano': 0}","{'units': 437, 'nano': 0}",1017462,True,1
2025-07-11 00:00:00+00:00,"{'units': 437, 'nano': 600000000}","{'units': 440, 'nano': 600000000}","{'units': 428, 'nano': 0}","{'units': 432, 'nano': 0}",443160,True,1
2025-07-12 00:00:00+00:00,"{'units': 432, 'nano': 0}","{'units': 433, 'nano': 600000000}","{'units': 429, 'nano': 600000000}","{'units': 429, 'nano': 600000000}",28008,True,1
2025-07-13 00:00:00+00:00,"{'units': 431, 'nano': 600000000}","{'units': 431, 'nano': 600000000}","{'units': 428, 'nano': 600000000}","{'units': 430, 'nano': 0}",26982,True,1
2025-07-14 00:00:00+00:00,"{'units': 427, 'nano': 0}","{'units': 441, 'nano': 600000000}","{'units': 421, 'nano': 600000000}","{'units': 436, 'nano': 0}",688700,True,1
2025-07-15 00:00:00+00:00,"{'units': 436, 'nano': 0}","{'units': 443, 'nano': 0}","{'units': 416, 'nano': 600000000}","{'units': 429, 'nano': 0}",3106045,True,1
2025-07-16 00:00:00+00:00,"{'units': 428, 'nano': 600000000}","{'units': 433, 'nano': 0}","{'units': 419, 'nano': 0}","{'units': 426, 'nano': 0}",1324642,True,1
2025-07-17 00:00:00+00:00,"{'units': 426, 'nano': 600000000}","{'units': 434, 'nano': 600000000}","{'units': 425, 'nano': 600000000}","{'units': 427, 'nano': 600000000}",925643,True,1
2025-07-18 00:00:00+00:00,"{'units': 427, 'nano': 600000000}","{'units': 450, 'nano': 0}","{'units': 427, 'nano': 0}","{'units': 441, 'nano': 0}",1590913,True,1
2025-07-19 00:00:00+00:00,"{'units': 444, 'nano': 600000000}","{'units': 450, 'nano': 600000000}","{'units': 442, 'nano': 600000000}","{'units': 444, 'nano': 600000000}",150024,True,1
2025-07-20 00:00:00+00:00,"{'units': 446, 'nano': 0}","{'units': 450, 'nano': 0}","{'units': 445, 'nano': 0}","{'units': 446, 'nano': 600000000}",109145,True,1
2025-07-21 00:00:00+00:00,"{'units': 448, 'nano': 0}","{'units': 449, 'nano': 600000000}","{'units': 438, 'nano': 0}","{'units': 440, 'nano': 0}",632580,True,1
2025-07-22 00:00:00+00:00,"{'units': 440, 'nano': 0}","{'units': 450, 'nano': 600000000}","{'units': 435, 'nano': 0}","{'units': 446, 'nano': 0}",1135825,True,1
2025-07-23 00:00:00+00:00,"{'units': 446, 'nano': 0}","{'units': 460, 'nano': 600000000}","{'units': 445, 'nano': 600000000}","{'units': 454, 'nano': 0}",1505444,True,1
2025-07-24 00:00:00+00:00,"{'units': 456, 'nano': 0}","{'units': 458, 'nano': 0}","{'units': 447, 'nano': 0}","{'units': 452, 'nano': 600000000}",432227,True,1
2025-07-25 00:00:00+00:00,"{'units': 453, 'nano': 0}","{'units': 458, 'nano': 0}","{'units': 438, 'nano': 0}","{'units': 448, 'nano': 0}",768438,True,1
2025-07-26 00:00:00+00:00,"{'units': 448, 'nano': 600000000}","{'units': 450, 'nano': 0}","{'units': 447, 'nano': 600000000}","{'units': 448, 'nano': 0}",33960,True,1
2025-07-27 00:00:00+00:00,"{'units': 448, 'nano': 0}","{'units': 449, 'nano': 0}","{'units': 447, 'nano': 0}","{'units': 448, 'nano': 0}",15803,True,1
2025-07-28 00:00:00+00:00,"{'units': 447, 'nano': 0}","{'units': 454, 'nano': 600000000}","{'units': 433, 'nano': 0}","{'units': 437, 'nano': 600000000}",718518,True,1
2025-07-29 00:00:00+00:00,"{'units': 437, 'nano': 0}","{'units': 442, 'nano': 0}","{'units': 435, 'nano': 600000000}","{'units': 439, 'nano': 600000000}",254983,True,1
2025-07-30 00:00:00+00:00,"{'units': 438, 'nano': 0}","{'units': 442, 'nano': 0}","{'units': 431, 'nano': 0}","{'units': 432, 'nano': 600000000}",328130,True,1
2025-07-31 00:00:00+00:00,"{'units': 432, 'nano': 600000000}","{'units': 436, 'nano': 0}","{'units': 428, 'nano': 0}","{'units': 432, 'nano': 600000000}",268983,True,1
2025-08-01 00:00:00+00:00,"{'units': 433, 'nano': 0}","{'units': 437, 'nano': 0}","{'units': 432, 'nano': 0}","{'units': 435, 'nano': 200000000}",191858,True,1
2025-08-04 00:00:00+00:00,"{'units': 437, 'nano': 0}","{'units': 438, 'nano': 600000000}","{'units': 434, 'nano': 600000000}","{'units': 438, 'nano': 400000000}",182702,True,1
2025-08-05 00:00:00+00:00,"{'units': 438, 'nano': 600000000}","{'units': 439, 'nano': 200000000}","{'units': 435, 'nano': 400000000}","{'units': 437, 'nano': 600000000}",172715,True,1
2025-08-06 00:00:00+00:00,"{'units': 438, 'nano': 400000000}","{'units': 445, 'nano': 0}","{'units': 434, 'nano': 200000000}","{'units': 440, 'nano': 0}",415132,True,1
2025-08-07 00:00:00+00:00,"{'units': 439, 'nano': 600000000}","{'units': 445, 'nano': 0}","{'units': 436, 'nano': 800000000}","{'units': 442, 'nano': 0}",457119,True,1
2025-08-08 00:00:00+00:00,"{'units': 442, 'nano': 0}","{'units': 451, 'nano': 200000000}","{'units': 441, 'nano': 0}","{'units': 450, 'nano': 200000000}",522811,True,1
2025-08-11 00:00:00+00:00,"{'units': 455, 'nano': 0}","{'units': 457, 'nano': 0}","{'units': 450, 'nano': 0}","{'units': 455, 'nano': 0}",524897,True,1
2025-08-12 00:00:00+00:00,"{'units': 455, 'nano': 0}","{'units': 458, 'nano': 0}","{'units': 450, 'nano': 800000000}","{'units': 457, 'nano': 400000000}",407796,True,1
2025-08-13 00:00:00+00:00,"{'units': 457, 'nano': 400000000}","{'units': 476, 'nano': 800000000}","{'units': 457, 'nano': 0}","{'units': 466, 'nano': 0}",1346755,True,1
2025-08-14 00:00:00+00:00,"{'units': 466, 'nano': 600000000}","{'units': 468, 'nano': 200000000}","{'units': 455, 'nano': 600000000}","{'units': 463, 'nano': 0}",493933,True,1
2025-08-15 00:00:00+00:00,"{'units': 463, 'nano': 0}","{'units': 470, 'nano': 600000000}","{'units': 452, 'nano': 0}","{'units': 456, 'nano': 400000000}",971946,True,1
2025-08-16 00:00:00+00:00,"{'units': 452, 'nano': 0}","{'units': 455, 'nano': 0}","{'units': 445, 'nano': 0}","{'units': 454, 'nano': 600000000}",132326,True,1
2025-08-17 00:00:00+00:00,"{'units': 454, 'nano': 600000000}","{'units': 456, 'nano': 400000000}","{'units': 452, 'nano': 800000000}","{'units': 454, 'nano': 0}",28432,True,1
2025-08-18 00:00:00+00:00,"{'units': 454, 'nano': 0}","{'units': 467, 'nano': 800000000}","{'units': 452, 'nano': 800000000}","{'units': 463, 'nano': 0}",544167,True,1
2025-08-19 00:00:00+00:00,"{'units': 463, 'nano': 0}","{'units': 471, 'nano': 0}","{'units': 461, 'nano': 0}","{'units': 461, 'nano': 800000000}",480064,True,1
2025-08-20 00:00:00+00:00,"{'units': 462, 'nano': 200000000}","{'units': 464, 'nano': 800000000}","{'units': 458, 'nano': 600000000}","{'units': 460, 'nano': 0}",568897,True,1
2025-08-21 00:00:00+00:00,"{'units': 460, 'nano': 0}","{'units': 460, 'nano': 800000000}","{'units': 451, 'nano': 600000000}","{'units': 453, 'nano': 200000000}",426880,True,1
2025-08-22 00:00:00+00:00,"{'units': 453, 'nano': 200000000}","{'units': 460, 'nano': 200000000}","{'units': 453, 'nano': 200000000}","{'units': 456, 'nano': 800000000}",145088,True,1
2025-08-23 00:00:00+00:00,"{'units': 457, 'nano': 200000000}","{'units': 459, 'nano': 400000000}","{'units': 456, 'nano': 800000000}","{'units': 457, 'nano': 400000000}",6586,True,1
2025-08-24 00:00:00+00:00,"{'units': 457, 'nano': 0}","{'units': 458, 'nano': 800000000}","{'units': 456, 'nano': 0}","{'units': 457, 'nano': 600000000}",15847,True,1
2025-08-25 00:00:00+00:00,"{'units': 456, 'nano': 800000000}","{'units': 458, 'nano': 0}","{'units': 450, 'nano': 800000000}","{'units': 451, 'nano': 600000000}",194148,True,1
2025-08-26 00:00:00+00:00,"{'units': 450, 'nano': 600000000}","{'units': 455, 'nano': 600000000}","{'units': 450, 'nano': 400000000}","{'units': 452, 'nano': 200000000}",117843,True,1
2025-08-27 00:00:00+00:00,"{'units': 452, 'nano': 200000000}","{'units': 455, 'nano': 200000000}","{'units': 450, 'nano': 800000000}","{'units': 452, 'nano': 0}",174021,True,1
2025-08-28 00:00:00+00:00,"{'units': 452, 'nano': 0}","{'units': 453, 'nano': 600000000}","{'units': 438, 'nano': 400000000}","{'units': 442, 'nano': 600000000}",408366,True,1
2025-08-29 00:00:00+00:00,"{'units': 444, 'nano': 600000000}","{'units': 450, 'nano': 0}","{'units': 442, 'nano': 600000000}","{'units': 444, 'nano': 400000000}",305094,True,1
2025-08-30 00:00:00+00:00,"{'units': 444, 'nano': 400000000}","{'units': 450, 'nano': 400000000}","{'units': 444, 'nano': 400000000}","{'units': 447, 'nano': 200000000}",100717,True,1
2025-08-31 00:00:00+00:00,"{'units': 447, 'nano': 200000000}","{'units': 448, 'nano': 800000000}","{'units': 446, 'nano': 400000000}","{'units': 448, 'nano': 400000000}",20342,True,1
2025-09-01 00:00:00+00:00,"{'units': 450, 'nano': 0}","{'units': 455, 'nano': 0}","{'units': 447, 'nano': 400000000}","{'units': 447, 'nano': 400000000}",390578,True,1
2025-09-02 00:00:00+00:00,"{'units': 447, 'nano': 600000000}","{'units': 453, 'nano': 0}","{'units': 442, 'nano': 800000000}","{'units': 446, 'nano': 600000000}",814395,True,1
2025-09-03 00:00:00+00:00,"{'units': 446, 'nano': 800000000}","{'units': 450, 'nano': 0}","{'units': 444, 'nano': 600000000}","{'units': 446, 'nano': 600000000}",303760,True,1
2025-09-04 00:00:00+00:00,"{'units': 447, 'nano': 800000000}","{'units': 450, 'nano': 0}","{'units': 445, 'nano': 0}","{'units': 448, 'nano': 200000000}",274435,True,1
2025-09-05 00:00:00+00:00,"{'units': 449, 'nano': 600000000}","{'units': 452, 'nano': 0}","{'units': 447, 'nano': 800000000}","{'units': 448, 'nano': 400000000}",281716,True,1
2025-09-06 00:00:00+00:00,"{'units': 448, 'nano': 600000000}","{'units': 450, 'nano': 400000000}","{'units': 448, 'nano': 400000000}","{'units': 450, 'nano': 0}",17334,True,1
2025-09-07 00:00:00+00:00,"{'units': 451, 'nano': 0}","{'units': 452, 'nano': 0}","{'units': 449, 'nano': 800000000}","{'units': 451, 'nano': 200000000}",36887,True,1
2025-09-08 00:00:00+00:00,"{'units': 451, 'nano': 200000000}","{'units': 455, 'nano': 400000000}","{'units': 448, 'nano': 0}","{'units': 449, 'nano': 0}",384920,True,1
2025-09-09 00:00:00+00:00,"{'units': 450, 'nano': 400000000}","{'units': 452, 'nano': 0}","{'units': 444, 'nano': 200000000}","{'units': 445, 'nano': 600000000}",574607,True,1
2025-09-10 00:00:00+00:00,"{'units': 446, 'nano': 200000000}","{'units': 452, 'nano': 600000000}","{'units': 438, 'nano': 0}","{'units': 440, 'nano': 800000000}",592631,True,1
2025-09-11 00:00:00+00:00,"{'units': 440, 'nano': 800000000}","{'units': 442, 'nano': 0}","{'units': 429, 'nano': 200000000}","{'units': 435, 'nano': 400000000}",1167137,True,1
2025-09-12 00:00:00+00:00,"{'units': 435, 'nano': 400000000}","{'units': 438, 'nano': 0}","{'units': 418, 'nano': 0}","{'units': 423, 'nano': 600000000}",1533503,True,1
2025-09-13 00:00:00+00:00,"{'units': 426, 'nano': 200000000}","{'units': 426, 'nano': 400000000}","{'units': 422, 'nano': 800000000}","{'units': 423, 'nano': 400000000}",59337,True,1
2025-09-14 00:00:00+00:00,"{'units': 423, 'nano': 400000000}","{'units': 425, 'nano': 200000000}","{'units': 423, 'nano': 0}","{'units': 425, 'nano': 0}",41535,True,1
2025-09-15 00:00:00+00:00,"{'units': 425, 'nano': 400000000}","{'units': 427, 'nano': 0}","{'units': 419, 'nano': 200000000}","{'units': 420, 'nano': 800000000}",595145,True,1
2025-09-16 00:00:00+00:00,"{'units': 421, 'nano': 800000000}","{'units': 423, 'nano': 800000000}","{'units': 411, 'nano': 200000000}","{'units': 415, 'nano': 800000000}",995967,True,1
2025-09-17 00:00:00+00:00,"{'units': 415, 'nano': 800000000}","{'units': 418, 'nano': 400000000}","{'units': 409, 'nano': 0}","{'units': 416, 'nano': 600000000}",520175,True,1
2025-09-18 00:00:00+00:00,"{'units': 417, 'nano': 800000000}","{'units': 419, 'nano': 400000000}","{'units': 411, 'nano': 0}","{'units': 412, 'nano': 400000000}",440929,True,1
2025-09-19 00:00:00+00:00,"{'units': 412, 'nano': 800000000}","{'units': 416, 'nano': 0}","{'units': 409, 'nano': 200000000}","{'units': 409, 'nano': 800000000}",683245,True,1
2025-09-22 00:00:00+00:00,"{'units': 411, 'nano': 400000000}","{'units': 413, 'nano': 600000000}","{'units': 405, 'nano': 200000000}","{'units': 412, 'nano': 600000000}",635449,True,1
2025-09-23 00:00:00+00:00,"{'units': 412, 'nano': 600000000}","{'units': 414, 'nano': 200000000}","{'units': 405, 'nano': 400000000}","{'units': 407, 'nano': 200000000}",826507,True,1
2025-09-24 00:00:00+00:00,"{'units': 407, 'nano': 200000000}","{'units': 409, 'nano': 400000000}","{'units': 400, 'nano': 400000000}","{'units': 403, 'nano': 800000000}",1157545,True,1
2025-09-25 00:00:00+00:00,"{'units': 403, 'nano': 800000000}","{'units': 405, 'nano': 0}","{'units': 396, 'nano': 800000000}","{'units': 398, 'nano': 0}",781670,True,1
2025-09-26 00:00:00+00:00,"{'units': 398, 'nano': 0}","{'units': 400, 'nano': 200000000}","{'units': 392, 'nano': 400000000}","{'units': 396, 'nano': 0}",795954,True,1
2025-09-27 00:00:00+00:00,"{'units': 397, 'nano': 0}","{'units': 397, 'nano': 200000000}","{'units': 395, 'nano': 400000000}","{'units': 396, 'nano': 800000000}",27390,True,1
2025-09-28 00:00:00+00:00,"{'units': 397, 'nano': 400000000}","{'units': 397, 'nano': 600000000}","{'units': 396, 'nano': 0}","{'units': 396, 'nano': 800000000}",29580,True,1
2025-09-29 00:00:00+00:00,"{'units': 396, 'nano': 800000000}","{'units': 399, 'nano': 0}","{'units': 384, 'nano': 600000000}","{'units': 387, 'nano': 200000000}",1152440,True,1
2025-09-30 00:00:00+00:00,"{'units': 388, 'nano': 0}","{'units': 392, 'nano': 0}","{'units': 381, 'nano': 600000000}","{'units': 388, 'nano': 0}",761840,True,1
2025-10-01 00:00:00+00:00,"{'units': 388, 'nano': 0}","{'units': 392, 'nano': 200000000}","{'units': 382, 'nano': 400000000}","{'units': 387, 'nano': 600000000}",589771,True,1
2025-10-02 00:00:00+00:00,"{'units': 388, 'nano': 0}","{'units': 388, 'nano': 0}","{'units': 377, 'nano': 0}","{'units': 377, 'nano': 400000000}",756067,True,1
2025-10-03 00:00:00+00:00,"{'units': 377, 'nano': 400000000}","{'units': 383, 'nano': 0}","{'units': 377, 'nano': 0}","{'units': 378, 'nano': 800000000}",587834,True,1
2025-10-04 00:00:00+00:00,"{'units': 378, 'nano': 400000000}","{'units': 378, 'nano': 400000000}","{'units': 370, 'nano': 800000000}","{'units': 372, 'nano': 400000000}",209950,True,1
2025-10-05 00:00:00+00:00,"{'units': 372, 'nano': 400000000}","{'units': 375, 'nano': 0}","{'units': 371, 'nano': 200000000}","{'units': 374, 'nano': 800000000}",76936,True,1
2025-10-06 00:00:00+00:00,"{'units': 377, 'nano': 400000000}","{'units': 382, 'nano': 400000000}","{'units': 375, 'nano': 0}","{'units': 379, 'nano': 400000000}",727208,True,1
2025-10-07 00:00:00+00:00,"{'units': 380, 'nano': 400000000}","{'units': 394, 'nano': 0}","{'units': 377, 'nano': 400000000}","{'units': 390, 'nano': 400000000}",1041520,True,1
2025-10-08 00:00:00+00:00,"{'units': 391, 'nano': 0}","{'units': 404, 'nano': 400000000}","{'units': 378, 'nano': 0}","{'units': 388, 'nano': 800000000}",1269468,True,1
2025-10-09 00:00:00+00:00,"{'units': 387, 'nano': 800000000}","{'units': 391, 'nano': 800000000}","{'units': 376, 'nano': 0}","{'units': 387, 'nano': 600000000}",1123172,True,1
2025-10-10 00:00:00+00:00,"{'units': 387, 'nano': 400000000}","{'units': 391, 'nano': 0}","{'units': 379, 'nano': 0}","{'units': 384, 'nano': 800000000}",641140,True,1
2025-10-11 00:00:00+00:00,"{'units': 386, 'nano': 0}","{'units': 386, 'nano': 600000000}","{'units': 383, 'nano': 600000000}","{'units': 385, 'nano': 800000000}",39237,True,1
2025-10-12 00:00:00+00:00,"{'units': 386, 'nano': 200000000}","{'units': 391, 'nano': 0}","{'units': 386, 'nano': 0}","{'units': 390, 'nano': 600000000}",120216,True,1
2025-10-13 00:00:00+00:00,"{'units': 391, 'nano': 0}","{'units': 394, 'nano': 0}","{'units': 388, 'nano': 0}","{'units': 394, 'nano': 0}",601338,True,1
2025-10-14 00:00:00+00:00,"{'units': 394, 'nano': 200000000}","{'units': 399, 'nano': 0}","{'units': 385, 'nano': 0}","{'units': 396, 'nano': 800000000}",1395303,True,1
2025-10-15 00:00:00+00:00,"{'units': 397, 'nano': 400000000}","{'units': 398, 'nano': 600000000}","{'units': 386, 'nano': 400000000}","{'units': 393, 'nano': 0}",897201,True,1
2025-10-16 00:00:00+00:00,"{'units': 392, 'nano': 800000000}","{'units': 415, 'nano': 400000000}","{'units': 389, 'nano': 200000000}","{'units': 414, 'nano': 400000000}",2638421,True,1
2025-10-17 00:00:00+00:00,"{'units': 397, 'nano': 0}","{'units': 398, 'nano': 800000000}","{'units': 388, 'nano': 0}","{'units': 390, 'nano': 0}",1893928,True,1
2025-10-18 00:00:00+00:00,"{'units': 390, 'nano': 0}","{'units': 392, 'nano': 800000000}","{'units': 389, 'nano': 200000000}","{'units': 392, 'nano': 400000000}",146185,True,1
2025-10-19 00:00:00+00:00,"{'units': 392, 'nano': 400000000}","{'units': 392, 'nano': 800000000}","{'units': 390, 'nano': 400000000}","{'units': 391, 'nano': 600000000}",96379,True,1
2025-10-20 00:00:00+00:00,"{'units': 391, 'nano': 800000000}","{'units': 395, 'nano': 0}","{'units': 390, 'nano': 600000000}","{'units': 391, 'nano': 400000000}",643410,True,1
2025-10-21 00:00:00+00:00,"{'units': 391, 'nano': 800000000}","{'units': 391, 'nano': 800000000}","{'units': 374, 'nano': 800000000}","{'units': 381, 'nano': 600000000}",774144,True,1
2025-10-22 00:00:00+00:00,"{'units': 382, 'nano': 0}","{'units': 388, 'nano': 800000000}","{'units': 376, 'nano': 0}","{'units': 380, 'nano': 800000000}",506142,True,1
2025-10-23 00:00:00+00:00,"{'units': 376, 'nano': 0}","{'units': 380, 'nano': 400000000}","{'units': 374, 'nano': 0}","{'units': 379, 'nano': 400000000}",318790,True,1
2025-10-24 00:00:00+00:00,"{'units': 379, 'nano': 400000000}","{'units': 382, 'nano': 400000000}","{'units': 375, 'nano': 600000000}","{'units': 377, 'nano': 0}",273165,True,1
2025-10-27 00:00:00+00:00,"{'units': 378, 'nano': 0}","{'units': 378, 'nano': 200000000}","{'units': 371, 'nano': 0}","{'units': 371, 'nano': 200000000}",404199,True,1
2025-10-28 00:00:00+00:00,"{'units': 371, 'nano': 0}","{'units': 373, 'nano': 200000000}","{'units': 367, 'nano': 600000000}","{'units': 372, 'nano': 800000000}",309117,True,1
2025-10-29 00:00:00+00:00,"{'units': 372, 'nano': 800000000}","{'units': 373, 'nano': 800000000}","{'units': 370, 'nano': 0}","{'units': 371, 'nano': 0}",360251,True,1
2025-10-30 00:00:00+00:00,"{'units': 370, 'nano': 600000000}","{'units': 373, 'nano': 800000000}","{'units': 370, 'nano': 0}","{'units': 373, 'nano': 400000000}",254581,True,1
2025-10-31 00:00:00+00:00,"{'units': 373, 'nano': 800000000}","{'units': 378, 'nano': 400000000}","{'units': 373, 'nano': 400000000}","{'units': 377, 'nano': 400000000}",436890,True,1
2025-11-01 00:00:00+00:00,"{'units': 377, 'nano': 400000000}","{'units': 385, 'nano': 0}","{'units': 376, 'nano': 400000000}","{'units': 384, 'nano': 0}",374623,True,1
2025-11-03 00:00:00+00:00,"{'units': 384, 'nano': 0}","{'units': 388, 'nano': 0}","{'units': 383, 'nano': 800000000}","{'units': 384, 'nano': 800000000}",175169,True,1
2025-11-05 00:00:00+00:00,"{'units': 383, 'nano': 600000000}","{'units': 383, 'nano': 600000000}","{'units': 377, 'nano': 800000000}","{'units': 379, 'nano': 800000000}",512218,True,1
2025-11-06 00:00:00+00:00,"{'units': 380, 'nano': 0}","{'units': 384, 'nano': 0}","{'units': 379, 'nano': 600000000}","{'units': 381, 'nano': 800000000}",210439,True,1
2025-11-07 00:00:00+00:00,"{'units': 382, 'nano': 200000000}","{'units': 385, 'nano': 600000000}","{'units': 379, 'nano': 800000000}","{'units': 382, 'nano': 600000000}",251822,True,1
2025-11-08 00:00:00+00:00,"{'units': 382, 'nano': 600000000}","{'units': 383, 'nano': 0}","{'units': 380, 'nano': 200000000}","{'units': 382, 'nano': 400000000}",24661,True,1
2025-11-09 00:00:00+00:00,"{'units': 383, 'nano': 0}","{'units': 385, 'nano': 0}","{'units': 382, 'nano': 400000000}","{'units': 384, 'nano': 800000000}",46005,True,1
2025-11-10 00:00:00+00:00,"{'units': 385, 'nano': 0}","{'units': 396, 'nano': 800000000}","{'units': 384, 'nano': 0}","{'units': 396, 'nano': 600000000}",881471,True,1
2025-11-11 00:00:00+00:00,"{'units': 396, 'nano': 800000000}","{'units': 413, 'nano': 200000000}","{'units': 394, 'nano': 400000000}","{'units': 409, 'nano': 800000000}",2343357,True,1
2025-11-12 00:00:00+00:00,"{'units': 408, 'nano': 800000000}","{'units': 409, 'nano': 600000000}","{'units': 398, 'nano': 200000000}","{'units': 402, 'nano': 0}",685368,True,1
2025-11-13 00:00:00+00:00,"{'units': 404, 'nano': 0}","{'units': 408, 'nano': 600000000}","{'units': 396, 'nano': 400000000}","{'units': 400, 'nano': 0}",617371,True,1
2025-11-14 00:00:00+00:00,"{'units': 400, 'nano': 0}","{'units': 410, 'nano': 0}","{'units': 398, 'nano': 200000000}","{'units': 409, 'nano': 200000000}",743739,True,1
2025-11-15 00:00:00+00:00,"{'units': 409, 'nano': 400000000}","{'units': 410, 'nano': 600000000}","{'units': 407, 'nano': 800000000}","{'units': 408, 'nano': 600000000}",48521,True,1
2025-11-16 00:00:00+00:00,"{'units': 408, 'nano': 0}","{'units': 409, 'nano': 600000000}","{'units': 407, 'nano': 200000000}","{'units': 409, 'nano': 400000000}",23414,True,1
2025-11-17 00:00:00+00:00,"{'units': 410, 'nano': 0}","{'units': 410, 'nano': 200000000}","{'units': 399, 'nano': 0}","{'units': 401, 'nano': 200000000}",691582,True,1
2025-11-18 00:00:00+00:00,"{'units': 401, 'nano': 200000000}","{'units': 410, 'nano': 0}","{'units': 400, 'nano': 400000000}","{'units': 404, 'nano': 400000000}",738618,True,1
2025-11-19 00:00:00+00:00,"{'units': 403, 'nano': 400000000}","{'units': 416, 'nano': 600000000}","{'units': 402, 'nano': 200000000}","{'units': 410, 'nano': 400000000}",1677984,True,1
2025-11-20 00:00:00+00:00,"{'units': 410, 'nano': 0}","{'units': 419, 'nano': 800000000}","{'units': 408, 'nano': 400000000}","{'units': 416, 'nano': 400000000}",1043848,True,1
2025-11-21 00:00:00+00:00,"{'units': 418, 'nano': 0}","{'units': 421, 'nano': 0}","{'units': 412, 'nano': 200000000}","{'units': 420, 'nano': 0}",609474,True,1
2025-11-24 00:00:00+00:00,"{'units': 420, 'nano': 0}","{'units': 428, 'nano': 600000000}","{'units': 418, 'nano': 600000000}","{'units': 423, 'nano': 600000000}",683305,True,1
2025-11-25 00:00:00+00:00,"{'units': 423, 'nano': 600000000}","{'units': 437, 'nano': 0}","{'units': 417, 'nano': 600000000}","{'units': 429, 'nano': 800000000}",1458378,True,1
2025-11-26 00:00:00+00:00,"{'units': 430, 'nano': 400000000}","{'units': 431, 'nano': 600000000}","{'units': 424, 'nano': 0}","{'units': 425, 'nano': 200000000}",315590,True,1
2025-11-27 00:00:00+00:00,"{'units': 425, 'nano': 600000000}","{'units': 428, 'nano': 800000000}","{'units': 415, 'nano': 600000000}","{'units': 420, 'nano': 400000000}",360650,True,1
2025-11-28 00:00:00+00:00,"{'units': 420, 'nano': 400000000}","{'units': 436, 'nano': 400000000}","{'units': 419, 'nano': 600000000}","{'units': 433, 'nano': 800000000}",563443,True,1
2025-11-29 00:00:00+00:00,"{'units': 434, 'nano': 600000000}","{'units': 435, 'nano': 0}","{'units': 433, 'nano': 400000000}","{'units': 434, 'nano': 0}",28094,True,1
2025-11-30 00:00:00+00:00,"{'units': 436, 'nano': 200000000}","{'units': 436, 'nano': 400000000}","{'units': 433, 'nano': 800000000}","{'units': 435, 'nano': 400000000}",70118,True,1
2025-12-01 00:00:00+00:00,"{'units': 433, 'nano': 200000000}","{'units': 435, 'nano': 800000000}","{'units': 427, 'nano': 600000000}","{'units': 430, 'nano': 0}",729133,True,1
2025-12-02 00:00:00+00:00,"{'units': 431, 'nano': 0}","{'units': 431, 'nano': 0}","{'units': 418, 'nano': 400000000}","{'units': 423, 'nano': 200000000}",572111,True,1
2025-12-03 00:00:00+00:00,"{'units': 421, 'nano': 0}","{'units': 428, 'nano': 200000000}","{'units': 417, 'nano': 200000000}","{'units': 422, 'nano': 200000000}",1084532,True,1
2025-12-04 00:00:00+00:00,"{'units': 423, 'nano': 0}","{'units': 424, 'nano': 200000000}","{'units': 419, 'nano': 200000000}","{'units': 420, 'nano': 200000000}",278523,True,1
2025-12-05 00:00:00+00:00,"{'units': 420, 'nano': 200000000}","{'units': 423, 'nano': 400000000}","{'units': 410, 'nano': 600000000}","{'units': 414, 'nano': 200000000}",1314993,True,1
2025-12-08 00:00:00+00:00,"{'units': 414, 'nano': 200000000}","{'units': 416, 'nano': 800000000}","{'units': 410, 'nano': 0}","{'units': 412, 'nano': 0}",724327,True,1
2025-12-09 00:00:00+00:00,"{'units': 414, 'nano': 200000000}","{'units': 418, 'nano': 800000000}","{'units': 410, 'nano': 0}","{'units': 415, 'nano': 200000000}",629067,True,1
2025-12-10 00:00:00+00:00,"{'units': 415, 'nano': 600000000}","{'units': 421, 'nano': 0}","{'units': 415, 'nano': 200000000}","{'units': 419, 'nano': 600000000}",460630,True,1
2025-12-11 00:00:00+00:00,"{'units': 419, 'nano': 600000000}","{'units': 423, 'nano': 0}","{'units': 418, 'nano': 600000000}","{'units': 419, 'nano': 600000000}",490897,True,1
2025-12-12 00:00:00+00:00,"{'units': 420, 'nano': 800000000}","{'units': 420, 'nano': 800000000}","{'units': 413, 'nano': 600000000}","{'units': 415, 'nano': 0}",342863,True,1
2025-12-13 00:00:00+00:00,"{'units': 415, 'nano': 200000000}","{'units': 417, 'nano': 0}","{'units': 414, 'nano': 800000000}","{'units': 416, 'nano': 400000000}",33303,True,1
2025-12-14 00:00:00+00:00,"{'units': 416, 'nano': 400000000}","{'units': 417, 'nano': 400000000}","{'units': 414, 'nano': 200000000}","{'units': 416, 'nano': 0}",20763,True,1
2025-12-15 00:00:00+00:00,"{'units': 415, 'nano': 400000000}","{'units': 420, 'nano': 800000000}","{'units': 414, 'nano': 600000000}","{'units': 419, 'nano': 600000000}",409355,True,1
2025-12-16 00:00:00+00:00,"{'units': 419, 'nano': 800000000}","{'units': 425, 'nano': 0}","{'units': 417, 'nano': 200000000}","{'units': 423, 'nano': 600000000}",420570,True,1
2025-12-17 00:00:00+00:00,"{'units': 424, 'nano': 0}","{'units': 424, 'nano': 800000000}","{'units': 416, 'nano': 600000000}","{'units': 420, 'nano': 400000000}",302760,True,1
2025-12-18 00:00:00+00:00,"{'units': 420, 'nano': 400000000}","{'units': 424, 'nano': 600000000}","{'units': 418, 'nano': 400000000}","{'units': 424, 'nano': 0}",340506,True,1
2025-12-19 00:00:00+00:00,"{'units': 423, 'nano': 800000000}","{'units': 427, 'nano': 0}","{'units': 418, 'nano': 600000000}","{'units': 420, 'nano': 400000000}",313806,True,1
2025-12-20 00:00:00+00:00,"{'units': 420, 'nano': 600000000}","{'units': 421, 'nano': 800000000}","{'units': 419, 'nano': 800000000}","{'units': 420, 'nano': 400000000}",25095,True,1
2025-12-21 00:00:00+00:00,"{'units': 422, 'nano': 0}","{'units': 422, 'nano': 0}","{'units': 418, 'nano': 400000000}","{'units': 421, 'nano': 200000000}",44867,True,1
2025-12-22 00:00:00+00:00,"{'units': 420, 'nano': 600000000}","{'units': 422, 'nano': 600000000}","{'units': 415, 'nano': 0}","{'units': 415, 'nano': 800000000}",213247,True,1
2025-12-23 00:00:00+00:00,"{'units': 415, 'nano': 600000000}","{'units': 418, 'nano': 400000000}","{'units': 409, 'nano': 200000000}","{'units': 412, 'nano': 0}",334071,True,1
2025-12-24 00:00:00+00:00,"{'units': 412, 'nano': 200000000}","{'units': 415, 'nano': 800000000}","{'units': 410, 'nano': 0}","{'units': 412, 'nano': 200000000}",287094,True,1
2025-12-25 00:00:00+00:00,"{'units': 412, 'nano': 0}","{'units': 415, 'nano': 0}","{'units': 406, 'nano': 600000000}","{'units': 408, 'nano': 600000000}",502533,True,1
2025-12-26 00:00:00+00:00,"{'units': 409, 'nano': 600000000}","{'units': 411, 'nano': 0}","{'units': 405, 'nano': 800000000}","{'units': 409, 'nano': 0}",495593,True,1
2025-12-27 00:00:00+00:00,"{'units': 409, 'nano': 200000000}","{'units': 411, 'nano': 0}","{'units': 408, 'nano': 600000000}","{'units': 408, 'nano': 800000000}",77144,True,1
2025-12-28 00:00:00+00:00,"{'units': 408, 'nano': 800000000}","{'units': 410, 'nano': 200000000}","{'units': 406, 'nano': 600000000}","{'units': 409, 'nano': 400000000}",66855,True,1
2025-12-29 00:00:00+00:00,"{'units': 410, 'nano': 400000000}","{'units': 413, 'nano': 200000000}","{'units': 404, 'nano': 200000000}","{'units': 407, 'nano': 200000000}",535378,True,1
2025-12-30 00:00:00+00:00,"{'units': 407, 'nano': 0}","{'units': 412, 'nano': 200000000}","{'units': 406, 'nano': 200000000}","{'units': 407, 'nano': 800000000}",264516,True,1
2026-01-05 00:00:00+00:00,"{'units': 407, 'nano': 0}","{'units': 409, 'nano': 400000000}","{'units': 404, 'nano': 400000000}","{'units': 406, 'nano': 800000000}",174214,True,1
2026-01-06 00:00:00+00:00,"{'units': 407, 'nano': 0}","{'units': 409, 'nano': 400000000}","{'units': 407, 'nano': 0}","{'units': 407, 'nano': 800000000}",89655,True,1
2026-01-08 00:00:00+00:00,"{'units': 406, 'nano': 0}","{'units': 407, 'nano': 800000000}","{'units': 405, 'nano': 600000000}","{'units': 406, 'nano': 600000000}",81204,True,1
2026-01-09 00:00:00+00:00,"{'units': 406, 'nano': 400000000}","{'units': 410, 'nano': 600000000}","{'units': 406, 'nano': 200000000}","{'units': 409, 'nano': 600000000}",190183,True,1
2026-01-12 00:00:00+00:00,"{'units': 409, 'nano': 800000000}","{'units': 413, 'nano': 400000000}","{'units': 409, 'nano': 600000000}","{'units': 410, 'nano': 600000000}",234839,True,1
2026-01-13 00:00:00+00:00,"{'units': 411, 'nano': 0}","{'units': 411, 'nano': 800000000}","{'units': 406, 'nano': 600000000}","{'units': 408, 'nano': 200000000}",155886,True,1
2026-01-14 00:00:00+00:00,"{'units': 406, 'nano': 400000000}","{'units': 415, 'nano': 0}","{'units': 406, 'nano': 200000000}","{'units': 412, 'nano': 600000000}",332308,True,1
2026-01-15 00:00:00+00:00,"{'units': 412, 'nano': 800000000}","{'units': 424, 'nano': 200000000}","{'units': 411, 'nano': 400000000}","{'units': 423, 'nano': 0}",593228,True,1
2026-01-16 00:00:00+00:00,"{'units': 421, 'nano': 600000000}","{'units': 430, 'nano': 0}","{'units': 421, 'nano': 600000000}","{'units': 424, 'nano': 800000000}",422721,True,1
2026-01-17 00:00:00+00:00,"{'units': 424, 'nano': 800000000}","{'units': 426, 'nano': 600000000}","{'units': 423, 'nano': 0}","{'units': 424, 'nano': 600000000}",54680,True,1
2026-01-18 00:00:00+00:00,"{'units': 424, 'nano': 200000000}","{'units': 425, 'nano': 800000000}","{'units': 423, 'nano': 200000000}","{'units': 425, 'nano': 200000000}",24295,True,1
2026-01-19 00:00:00+00:00,"{'units': 425, 'nano': 800000000}","{'units': 431, 'nano': 800000000}","{'units': 424, 'nano': 0}","{'units': 427, 'nano': 600000000}",389573,True,1
2026-01-20 00:00:00+00:00,"{'units': 427, 'nano': 200000000}","{'units': 430, 'nano': 600000000}","{'units': 422, 'nano': 400000000}","{'units': 426, 'nano': 600000000}",336099,True,1
2026-01-21 00:00:00+00:00,"{'units': 426, 'nano': 600000000}","{'units': 429, 'nano': 0}","{'units': 424, 'nano': 600000000}","{'units': 427, 'nano': 200000000}",227325,True,1
2026-01-22 00:00:00+00:00,"{'units': 427, 'nano': 200000000}","{'units': 428, 'nano': 800000000}","{'units': 425, 'nano': 0}","{'units': 427, 'nano': 600000000}",295915,True,1
2026-01-23 00:00:00+00:00,"{'units': 427, 'nano': 200000000}","{'units': 430, 'nano': 600000000}","{'units': 423, 'nano': 0}","{'units': 428, 'nano': 600000000}",251059,True,1
2026-01-24 00:00:00+00:00,"{'units': 428, 'nano': 400000000}","{'units': 429, 'nano': 0}","{'units': 424, 'nano': 200000000}","{'units': 426, 'nano': 400000000}",59084,True,1
2026-01-25 00:00:00+00:00,"{'units': 426, 'nano': 400000000}","{'units': 429, 'nano': 200000000}","{'units': 426, 'nano': 0}","{'units': 428, 'nano': 600000000}",77432,True,1
2026-01-26 00:00:00+00:00,"{'units': 428, 'nano': 400000000}","{'units': 443, 'nano': 600000000}","{'units': 425, 'nano': 800000000}","{'units': 440, 'nano': 200000000}",1342384,True,1
2026-01-27 00:00:00+00:00,"{'units': 440, 'nano': 400000000}","{'units': 447, 'nano': 0}","{'units': 431, 'nano': 0}","{'units': 434, 'nano': 800000000}",905044,True,1
2026-01-28 00:00:00+00:00,"{'units': 434, 'nano': 800000000}","{'units': 439, 'nano': 800000000}","{'units': 433, 'nano': 400000000}","{'units': 435, 'nano': 600000000}",435222,True,1
2026-01-29 00:00:00+00:00,"{'units': 435, 'nano': 600000000}","{'units': 446, 'nano': 800000000}","{'units': 434, 'nano': 200000000}","{'units': 441, 'nano': 0}",776469,True,1
2026-01-30 00:00:00+00:00,"{'units': 441, 'nano': 600000000}","{'units': 448, 'nano': 0}","{'units': 435, 'nano': 600000000}","{'units': 445, 'nano': 200000000}",742738,True,1
2026-01-31 00:00:00+00:00,"{'units': 445, 'nano': 200000000}","{'units': 448, 'nano': 800000000}","{'units': 445, 'nano': 200000000}","{'units': 447, 'nano': 400000000}",55526,True,1
2026-02-01 00:00:00+00:00,"{'units': 447, 'nano': 400000000}","{'units': 448, 'nano': 200000000}","{'units': 446, 'nano': 200000000}","{'units': 447, 'nano': 400000000}",47436,True,1
2026-02-02 00:00:00+00:00,"{'units': 447, 'nano': 600000000}","{'units': 448, 'nano': 600000000}","{'units': 441, 'nano': 0}","{'units': 444, 'nano': 600000000}",269347,True,1
2026-02-03 00:00:00+00:00,"{'units': 444, 'nano': 600000000}","{'units': 447, 'nano': 400000000}","{'units': 444, 'nano': 600000000}","{'units': 446, 'nano': 200000000}",166329,True,1
